0 0.9238795325113726 0.38268343236488267 -1.8738412424764667e-12 4.523852941323606e-12 0.088 -1.7431537324696934e-12 0.821
1 0.9238797972981937 0.3826827931123101 -8.982138303628236e-08 -3.719982707949407e-08 0.08800012729626443 -1.267554221730853e-07 0.8209999828719885
2 0.9236886227176714 0.383144004601223 1.6939670277030836e-08 -2.6281129400622203e-07 0.08835000905364924 0.00013202442865377083 0.8209998975116013
3 0.9233244717743695 0.38402072837044615 7.30385235846496e-07 -1.9698329804685193e-06 0.08901421478663529 0.00038478373545165333 0.8209992511731624
4 0.922803035241602 0.3852720572355322 3.680349804860229e-06 -6.988747529615434e-06 0.08995994834433362 0.0007490655130191282 0.8209972502667462
5 0.922139690411432 0.3868570678546836 8.308395619270868e-06 -1.870175929646367e-05 0.09115819085498374 0.0012168744752780716 0.820992856975751
6 0.9213463201184446 0.38874278969767884 1.671314564767963e-05 -3.978614893258833e-05 0.09258158928763346 0.0017824790035521891 0.8209849464999164
7 0.9204339965451824 0.39089800677661013 3.010004296220766e-05 -7.345695238069435e-05 0.09420553039934479 0.0024409683118922485 0.820972338130922
8 0.919412561133331 0.39329445056665785 4.963445426305366e-05 -0.00012296398072957567 0.0960076049229521 0.0031882795846382016 0.8209538543285176
9 0.9182907863634764 0.39590654095509187 7.639931446115953e-05 -0.0001914995225122273 0.09796741357128559 0.004021000395538933 0.8209283573431166
10 0.9170765205958876 0.39871112772255485 0.000111366193537527 -0.00028213386881595863 0.10006638806627205 0.004936210786243383 0.8208947744499101
11 0.9157768102747281 0.40168725570830666 0.00015537744655070405 -0.0003977718227255417 0.10228762620043597 0.005931360626877777 0.8208521145432666
12 0.9143980032835995 0.4048159520527775 0.00020913686495585101 -0.0005411250699959118 0.1046157405652506 0.00700417492096661 0.8207994781581629
13 0.9129457477867015 0.40808023249877895 0.00027321069330923963 -0.0007147012244151565 0.1070367143833119 0.008152621807645994 0.8207360630558365
14 0.9114253390791138 0.41146431476603834 0.00034801823621105865 -0.0009207833319096032 0.10953779194611676 0.009374732574644787 0.8206611643086623
15 0.909841506247062 0.41495408943547246 0.0004338470239853194 -0.0011614420413501498 0.1121073491245345 0.01066868680658452 0.8205741742151782
16 0.9081985603696399 0.4185367651090158 0.0005308572686215097 -0.001438535767537023 0.11473479343667668 0.012032738290464026 0.8204745789042345
17 0.9065004427335777 0.4222007382282985 0.0006390905723596604 -0.0017537179214072054 0.11741046963184106 0.013465191420057875 0.8203619539485884
18 0.904750765838125 0.4259354773653411 0.0007584795330875803 -0.0021084462723192344 0.12012557396611248 0.014964384269351177 0.8202359591807318
19 0.9029528490485751 0.42973141884560895 0.0008888577017958885 -0.0025039936075976167 0.12287207649949321 0.016528676464024818 0.8200963330450707
20 0.901109749728743 0.4335798726013585 0.0010299695457225973 -0.0029414590812381256 0.12564265069452585 0.018156440690483226 0.8199428867456834
21 0.8992242905318583 0.4374729372716293 0.00118148017037267 -0.0034217798024378868 0.12843060965140915 0.019846056939694833 0.8197754983798177
22 0.8972990834131118 0.44140342365649643 0.0013429846307225037 -0.003945742337576477 0.13122984836962467 0.021595908784743073 0.8195941071933568
23 0.895336550832217 0.4453647857165609 0.001514016721414132 -0.004513993894309796 0.1340347914786 0.023404381150641584 0.8193987080527261
24 0.8933389445340618 0.44935105839005685 0.0016940571812894694 -0.00512705302984454 0.13684034592871447 0.025269859162205643 0.8191893461956533
25 0.8913083622451727 0.4533568015428947 0.001882541280236635 -0.005785319779618227 0.1396418581817461 0.027190727749031557 0.8189661122985503
26 0.8892467625468121 0.45737704947997954 0.002078865783638995 -0.0064890851478155345 0.142435075477849 0.029165371775487177 0.8187291378803768
27 0.8871559781634927 0.4614072654609163 0.0022823953055845707 -0.007238539930488429 0.14521611079770888 0.03119217651485523 0.8184785910488759
28 0.8850377278647247 0.46544330072717216 0.0024924680748351843 -0.008033782865911726 0.14798141117273775 0.03326952833638198 0.8182146725852902
29 0.8828936271450868 0.46948135760175846 0.002708401146018888 -0.008874828124221202 0.150727729027342 0.03539581551185047 0.8179376123567708
30 0.8807251978307538 0.4735179562514346 0.0029294950926497714 -0.009761612159184224 0.15345209626756082 0.0375694290728485 0.8176476660407948
31 0.8785338767275264 0.4775499047648105 0.0031550382223962583 -0.010693999955076028 0.1561518008541801 0.03978876367672844 0.8173451121432032
32 0.8763210234215174 0.48157427221004434 0.003384310354382082 -0.011671790704766916 0.15882436562464422 0.042052218449334176 0.8170302492894395
33 0.8740879273228758 0.48558836438043107 0.0036165861984015337 -0.01269472295901065 0.16146752914853535 0.0443581977872561 0.8167033937680224
34 0.871835814033581 0.48958970196020346 0.003851138374195008 -0.013762479287723778 0.1640792284215478 0.046705112109801064 0.8163648773051452
35 0.8695658511064239 0.4935760008758031 0.004087240107285378 -0.014874690494764774 0.1666575832199428 0.04909137855860344 0.8160150450499459
36 0.8672791532583017 0.49754515461307536 0.004324167634957232 -0.016030939425970062 0.16920088195466032 0.05151542164502254 0.8156542537507033
37 0.8649767870911522 0.5014952183066493 0.004561202353608534 -0.01723076440913317 0.17170756887854485 0.053975673849301846 0.8152828701033626
38 0.8626597753682035 0.5054243944258401 0.004797632735938105 -0.018473662362524353 0.17417623251372236 0.0564705761768972 0.8149012692550435
39 0.8603291008878966 0.5093310198985727 0.005032756043759895 -0.01975909160633201 0.1766055951784426 0.0589985786782257 0.8145098334464814
40 0.8579857099932603 0.5132135545303382 0.005265879859630035 -0.0210864744089846 0.17899450350388188 0.06155814093836247 0.81410895077869
41 0.8556305157505454 0.5170705705891542 0.005496323458009011 -0.022455199297874918 0.18134191984160264 0.06414773254306887 0.8136990140904651
42 0.8532644664697578 0.5209006367142335 0.005723319417058402 -0.023864629593525005 0.18364695174145504 0.06676581176919255 0.8132804098695338
43 0.8508882575329006 0.5247027827692925 0.00594631684604326 -0.025314111928947617 0.18590871380926277 0.06941093149114182 0.8128535488806626
44 0.8485028134927982 0.5284757097292004 0.006164653122138348 -0.02680292470808584 0.18812649961557779 0.07208155530718344 0.8124188271675886
45 0.8461089404755546 0.5322183551232759 0.006377707181175797 -0.0283303400671486 0.19029966247192656 0.07477619715846316 0.8119766472118728
46 0.8437074227852562 0.5359297313439666 0.006584875060992752 -0.02989560534720377 0.19242763870739094 0.07749338328097875 0.8115274119947369
47 0.8412990251580967 0.5396089193110726 0.0067855699528612074 -0.03149794451051222 0.19450994316336345 0.0802316524710269 0.811071524217693
48 0.8388844943230086 0.5432550635402669 0.006979222880975958 -0.033136559421105556 0.19654616473108888 0.08298955651924915 0.8106093856788977
49 0.8364645604042682 0.5468673677124974 0.007165283329191412 -0.034810631044422405 0.19853596225468795 0.08576566064908198 0.8101413966957965
50 0.8340399381835241 0.5504450906875858 0.007343219805965615 -0.0365193205802088 0.2004790607661954 0.08855854395999607 0.809667955567259
51 0.8316113282339905 0.5539875429160134 0.007512520353104348 -0.0382617705382351 0.20237524801658305 0.09136679987558459 0.8091894580712471
52 0.8291794179386125 0.5574940832071864 0.007672693003723656 -0.040037105764942287 0.20422437127021528 0.09418903659599093 0.8087062969947242
53 0.8267448888353206 0.5609641061162333 0.007823525766403983 -0.04184438885288144 0.206026358004745 0.09702387700434746 0.8082188574096856
54 0.8243083980089371 0.5643970689795003 0.00796430122135917 -0.04368275867369852 0.2077811405160455 0.09986996156756701 0.8077275296869229
55 0.8218705987408338 0.5677924587963356 0.008094589753968904 -0.04555129280393571 0.20948872849474068 0.10272594561505548 0.8072326947130455
56 0.8194321338955517 0.5711498013706314 0.008213983774091514 -0.04744905482967782 0.2111491795809401 0.10559050102136765 0.8067347291122844
57 0.8169936368284719 0.5744686588850303 0.008322097284488413 -0.04937509531544282 0.21276259791754148 0.10846231672767082 0.8062340045721237
58 0.8145557319022404 0.5777486281401912 0.008418566091447007 -0.051328452658310604 0.21432913202508658 0.11134009919916883 0.8057308875123634
59 0.8121190349401844 0.5809893389622245 0.008503047993621305 -0.05330815392488362 0.21584897277829848 0.11422257287550157 0.8052257387785413
60 0.8096841536262093 0.584190452754777 0.008575222939529217 -0.05531321567505611 0.21732235148390863 0.11710848061393003 0.804718913353587
61 0.8072516878563828 0.5873516611796386 0.00863479315460745 -0.057342644774350096 0.21874953804848624 0.11999658412348906 0.8042107600868602
62 0.8048221688842749 0.5904727651128411 0.008681203604062772 -0.05939551192128921 0.22013073389312782 0.12288565507739933 0.8037016603378929
63 0.8023962615780069 0.5935534089358426 0.008714851966973906 -0.061470655612844365 0.2214664252010392 0.12577450866117706 0.8031919028126615
64 0.7999745298237143 0.5965933858920074 0.00873513108273609 -0.06356713795826494 0.22275695182797836 0.12866195849680834 0.8026818243236877
65 0.7975575448193535 0.5995924980743573 0.0087418327475932 -0.06568393498329554 0.2240027218053648 0.13154684621124493 0.8021717464162693
66 0.7951458709960765 0.6025505729069071 0.008734772066034102 -0.06782001684166267 0.22520417272253646 0.13442803399441614 0.8016619838584063
67 0.7927400663650429 0.6054674620724927 0.008713786538333783 -0.06997434869440702 0.22636177119713535 0.13730440518608217 0.8011528439962112
68 0.7903406322741272 0.6083431015097508 0.008678450921180983 -0.07214596531780909 0.2274759118578201 0.1401748426825128 0.8006446680105508
69 0.7879481682238789 0.6111773227032017 0.008628951098759777 -0.07433374475240444 0.22854722244915918 0.14303829414074115 0.8001377046033902
70 0.785563213200578 0.6139700464928717 0.008565189147652799 -0.07653664227276369 0.22957624749780603 0.14589370832023854 0.7996322381075672
71 0.7831863001606946 0.6167212152177797 0.00848708940303968 -0.07875361105608007 0.2305635551490426 0.14874005629164616 0.7991285448608357
72 0.7808179782181256 0.6194307697784889 0.00839499084292311 -0.08098351975392837 0.23150976758506273 0.15157634506855897 0.7986268844168967
73 0.7784587455781893 0.6220987175194067 0.008288443354952487 -0.08322540958321044 0.23241546124395315 0.1544015772594222 0.7981275265759744
74 0.7761091177479895 0.6247250613708888 0.008167438622160563 -0.08547823108797761 0.2332812686300263 0.15721479247266243 0.7976307224990413
75 0.7737696041899595 0.6273098237644127 0.008031990306958297 -0.08774093555509725 0.23410783987877495 0.16001505307804706 0.7971367155484694
76 0.7714406594189477 0.6298530990056556 0.007881838934716898 -0.09001255069843601 0.23489574834484855 0.1628014111355121 0.7966457868039329
77 0.7691228332699724 0.6323548890413879 0.007717354500671902 -0.09229195028676834 0.2356457795190836 0.16557300962718202 0.7961581141905409
78 0.7668166172769313 0.6348152717113512 0.007538610172397377 -0.09457809274179932 0.2363586312486084 0.16832898081743575 0.7956739161076037
79 0.7645224971334668 0.6372343421586066 0.0073456993077479025 -0.09686993987907884 0.23703501536752072 0.17106848041865677 0.7951934024778934
80 0.7622409527006312 0.639612212350963 0.007138735144422966 -0.09916645752510655 0.23767565657187925 0.1737906876002538 0.7947167747584687
81 0.7599724579923213 0.6419490106298331 0.006917850432566137 -0.10146661613496614 0.238281291324711 0.1764948049826903 0.7942442259559152
82 0.7577175137431984 0.6442448521055084 0.006683614776096078 -0.10376930758129904 0.2388526966589136 0.1791800772039926 0.7937759306958564
83 0.7554765480907163 0.6464999278310765 0.0064357507971947595 -0.10607360515710308 0.23939059623285616 0.18184573409716198 0.7933120763546525
84 0.7532500177492614 0.648714412158448 0.006174449649657341 -0.1083784959767417 0.23989575655532444 0.1844910487528904 0.7928528301575593
85 0.7510383199373862 0.6508885462522336 0.005899622650090903 -0.11068304656029694 0.24036886350605613 0.18711527452461632 0.7923984014072671
86 0.7488419557716854 0.6530224774241867 0.005611817524664643 -0.11298617950388731 0.24081079186380028 0.18971777460683073 0.7919488884666489
87 0.7466613635811423 0.6551164232260295 0.005311275539923919 -0.1152869051836419 0.24122232638638444 0.19229789061799932 0.7915044348608058
88 0.7444969757290746 0.6571706144568691 0.004998254401500052 -0.1175842424714328 0.24160425667209934 0.19485498688393033 0.7910651760407666
89 0.7423492186027106 0.659185294714367 0.004673027853813431 -0.11987721919929412 0.24195737622104588 0.19738845021484425 0.7906312395050992
90 0.7402185125938019 0.6611607199541333 0.004335885184869856 -0.12216487262226891 0.24228248154485751 0.19989768967723276 0.7902027449107866
91 0.7381052720807203 0.6630971580473539 0.003987130719590753 -0.12444624986231216 0.24258037130192783 0.20238213634474733 0.7897798041923265
92 0.7360099473068054 0.6649948541583778 0.0036275048273744217 -0.12672033229533033 0.242851872218401 0.2048412651103811 0.7893625115012396
93 0.7339328962675302 0.6668541355408629 0.0032568859366430463 -0.1289862720695458 0.2430977549841531 0.20727452666739427 0.7889509751375485
94 0.7318745156346229 0.6686753026519529 0.0028756228549767747 -0.13124314755864885 0.2433188207080502 0.20968141688912892 0.7885452840478943
95 0.7298351957893637 0.6704586663244694 0.002484077792511231 -0.13349004867418196 0.24351586869124797 0.21206145207156468 0.7881455205616331
96 0.7278152585046912 0.6722046022374121 0.002082321124525689 -0.13572614397133234 0.24368961543075512 0.21441411829941115 0.7877518130365966
97 0.7258151483445487 0.6739133807109868 0.0016710673078617292 -0.13795047396193327 0.2438409442314458 0.2167390261162968 0.7873641731407753
98 0.7238352369976766 0.6755853407851714 0.0012507107916526414 -0.14016216579097532 0.24397064607630575 0.2190357518914353 0.7869826630374326
99 0.721875890083009 0.6772208297831761 0.0008216566282069196 -0.14236035931759686 0.24407950819678273 0.22130389139638154 0.786607338317199
100 0.7199374671493329 0.678820202858095 0.00038432001175699914 -0.14454420737070986 0.24416831339760528 0.22354305938546473 0.786238248206943
101 0.7180203216743549 0.6803838225390137 -6.0874299598566205e-05 -0.14671287599994565 0.2442378394423108 0.2257528891868681 0.7858754357528517
102 0.7161248010661425 0.681912058276092 -0.0005134925654627385 -0.1488655447073855 0.24428885846560922 0.22793303228354575 0.7855189380068652
103 0.7142512466668239 0.6834052859849945 -0.0009730926465018986 -0.1510014066601935 0.24432213641196068 0.2300831578847716 0.7851687862163641
104 0.7124000458043398 0.6848638484830749 -0.0014388041476877294 -0.15311960560800528 0.24433845568915136 0.23220297736728077 0.7848249961952732
105 0.710571472115351 0.6862881756799435 -0.001910625479980469 -0.1552194332163125 0.2443385423887626 0.23429216720092427 0.784487599189831
106 0.708765849325675 0.6876786595988656 -0.0023880900318295067 -0.15730012392862897 0.2443231415914228 0.23635044764138347 0.7841566096192648
107 0.7069834948724831 0.6890356971718329 -0.0028707247485128314 -0.1593609266421172 0.24429298955810919 0.23837755448334438 0.7838320374092733
108 0.7052247201487689 0.6903596895512805 -0.0033580514148435843 -0.16140110478074662 0.2442488139139074 0.24037323898626695 0.7835138876735419
109 0.7034902279070167 0.69165069971427 -0.003849818690238261 -0.16341966748267125 0.244191384562723 0.24233716878188605 0.7832021725136934
110 0.70177978196725 0.6929096039805045 -0.004345175529829159 -0.16541625610318483 0.24412129044890873 0.24426921715199612 0.7828969206172343
111 0.7000937898233935 0.6941367109586548 -0.00484375280828816 -0.16739011323537378 0.24403930155331963 0.24616919473363624 0.7825980752633337
112 0.6984325419957464 0.6953324309646094 -0.005345059290988148 -0.16934055943979398 0.24394610738929123 0.2480369091549253 0.7823056243773403
113 0.6967963219656915 0.6964971773103739 -0.005848600246792634 -0.17126693075114985 0.24384238650427362 0.24987218113081272 0.7820195524232162
114 0.6951854071057341 0.6976313650487451 -0.0063538789674590385 -0.17316857818185805 0.2437288067407373 0.2516748441240745 0.7817398402149656
115 0.6936000687320186 0.6987354105022509 -0.006860397329598926 -0.17504486771588054 0.24360602496178432 0.2534447438678799 0.7814664651176414
116 0.692040572149088 0.6998097308042774 -0.00736765634392825 -0.17689518029388304 0.2434746867936336 0.25518173788988063 0.7811994012498888
117 0.6905071766940869 0.7008547434461315 -0.007875156699045587 -0.17871891178603233 0.2433354263888022 0.2568856950395683 0.7809386196846102
118 0.689000135780539 0.701870865830027 -0.008382399299352491 -0.18051547295285653 0.24318886620932645 0.25855649501946876 0.7806840886475044
119 0.6875196969417573 0.7028585148280533 -0.00888888579669115 -0.18228428939464525 0.2430356168293371 0.26019402792070817 0.7804357737132701
120 0.686066101873933 0.7038181063472053 -0.009394119115280488 -0.18402480148987588 0.24287627675628654 0.26179819376346164 0.7801936379992698
121 0.6846395864789363 0.7047500549005594 -0.009897603969563086 -0.18573646432316754 0.242711432270127 0.26336890204277363 0.7799576423564742
122 0.6832403809068497 0.7056547731847045 -0.010398847374583834 -0.1874187476032916 0.24254165727973523 0.26490607128021054 0.7797277455574972
123 0.6818687095982516 0.7065326716635345 -0.010897359148548611 -0.1890711355717499 0.24236751319587044 0.26640962858178313 0.7795039044815597
124 0.6805247913262547 0.7073841581585233 -0.011392652407224776 -0.19069312690247409 0.24218954881995966 0.26787950920255305 0.7792860742962298
125 0.6792088392382936 0.7082096374456128 -0.011884244049871298 -0.19228423459318422 0.24200830024798575 0.2693156561183063 0.7790742086357794
126 0.6779210608976579 0.7090095108588402 -0.012371655236399949 -0.1938439858489653 0.2418242907887745 0.27071801960465963 0.7788682597760387
127 0.6766616583247567 0.7097841759008419 -0.012854411855492492 -0.1953719219586132 0.2416380308959563 0.27208655682393196 0.7786681788056132
128 0.6754308280380896 0.710534025860375 -0.013332044983413737 -0.19686759816432217 0.24145001811289438 0.27342123142009656 0.7784739157933543
129 0.6742287610949077 0.711259449436991 -0.01380409133328345 -0.1983305835252761 0.24126073702986492 0.27472201312209543 0.7782854199519815
130 0.6730556431314776 0.7119608303730518 -0.014270093694528677 -0.1997604607757432 0.24107065925274818 0.27598887735577515 0.7781026397977872
131 0.6719115524818907 0.7126386264432416 -0.014729499697432116 -0.20115689294957975 0.2408801835302352 0.2772217810766992 0.777925572205791
132 0.6707967745910779 0.71329312362838 -0.015181976285366725 -0.20251941778196456 0.2406898206783049 0.27842073523883837 0.777754112007582
133 0.6697114789587839 0.7139246888764249 -0.015627086828943437 -0.20384765811943711 0.2405000031529051 0.2795857301887726 0.7775882065508812
134 0.6686555568259469 0.7145338731499191 -0.01606430516867083 -0.20514148421664 0.24031116060814664 0.280716868820727 0.7774277431964607
135 0.667629465363433 0.7151208202075144 -0.01649331694628258 -0.20640029064993617 0.24012368762242026 0.28181403049244097 0.7772727351624021
136 0.6666333549532577 0.7156858798150295 -0.016913707608498914 -0.20762374139795606 0.23993797702136446 0.28287721775365876 0.7771231301620574
137 0.665667371464833 0.7162293938425986 -0.017325072349670293 -0.2088115126879804 0.239754409245077 0.28390643672445415 0.7769788756949667
138 0.6647316559426587 0.7167516962732846 -0.017727015753497832 -0.20996329295754315 0.23957335185325462 0.2849016963579817 0.7768399197172262
139 0.6638262407365435 0.7172531889840876 -0.01811947340200454 -0.21107882339396156 0.23939509314084445 0.28586293985109124 0.7767062713033045
140 0.6629513702195323 0.7177341062909861 -0.01850171778713146 -0.2121577710800369 0.2392200480984245 0.2867902553698489 0.7765778136094368
141 0.6621071701535409 0.7181947576453099 -0.018873386461000837 -0.2131998607071741 0.23904854518111757 0.28768365804999846 0.7764544972197567
142 0.6612937616083674 0.7186354434888856 -0.019234127458874727 -0.21420482851766934 0.23888090026497094 0.2885431648337911 0.7763362735306141
143 0.6605112609545707 0.7190564550330942 -0.019583599464087078 -0.2151724221629549 0.23871741665113017 0.28936879417366085 0.7762230949079276
144 0.6597597798710915 0.7194580740293228 -0.01992147211360355 -0.21610240055883975 0.23855838511863 0.29016056578238086 0.7761149147895378
145 0.6590394988274072 0.7198405240649404 -0.02024702886415194 -0.21699450850518354 0.2384040987139586 0.2909185274504749 0.7760116807397681
146 0.658350439798816 0.7202041205831582 -0.02056039741829892 -0.21784855558333807 0.2382548067668131 0.2916426708209512 0.7759133567043213
147 0.6576927013384015 0.7205491149557833 -0.020861278734059675 -0.21866433315063838 0.23811076338819173 0.2923330185774171 0.7758198994146931
148 0.6570663770111094 0.7208757485345866 -0.02114938565219932 -0.21944164341056305 0.23797220997372714 0.29298959338633435 0.7757312674865472
149 0.6564715556912895 0.7211842522130677 -0.02142444364645756 -0.22018029916996734 0.23783937567906657 0.29361241805555055 0.7756474210560773
150 0.6559083215822995 0.721474846236096 -0.021686191021858554 -0.2208801237021018 0.2377124774853097 0.2942015153489384 0.7755683218528886
151 0.6553767542339545 0.7217477400199559 -0.021934379100673942 -0.22154095061482634 0.23759172026129277 0.2947569078085961 0.7754939332715187
152 0.6548769285595265 0.7220031319813882 -0.022168772399270554 -0.22216262372374054 0.23747729682493246 0.295278617586851 0.775424220438796
153 0.6544089148522106 0.7222412093757546 -0.022389148795648194 -0.22274499693058372 0.23736938800323837 0.2957666662880827 0.7753591502770771
154 0.6539727788009655 0.7224621481444503 -0.022595299687472738 -0.2232879341072484 0.23726816269061154 0.2962210748203277 0.7752986915633956
155 0.6535685815056449 0.7226661127716779 -0.022787030140433113 -0.22379130898573973 0.23717377790507035 0.296641863256647 0.7752428149845776
156 0.6531963794913426 0.7228532561506908 -0.022964159026772596 -0.22425500505437765 0.2370863788420644 0.2970290507062207 0.7751914931883608
157 0.6528562247218898 0.7230237194595935 -0.023126519153858063 -0.22467891546053628 0.23700609892556732 0.2973826551951453 0.7751447008305653
158 0.6525481646124294 0.7231776320467916 -0.023273957382674973 -0.225062942920185 0.2369330598561482 0.29770269355689055 0.7751024146183538
159 0.6522722420410245 0.7233151113261629 -0.023406334736141798 -0.22540699963447358 0.23686737165576502 0.29798918133239205 0.7750646133496194
160 0.6520284953592369 0.7234362626820225 -0.023523526497151715 -0.22571100721359372 0.23680913270902337 0.2982421326797412 0.7750312779485431
161 0.651816958401639 0.7235411793839431 -0.023625422296265755 -0.22597489660812284 0.23675842980068873 0.29846156029344173 0.7750023914973476
162 0.6516376604942113 0.723629942511485 -0.023711926188978917 -0.22619860804802586 0.2367153381492431 0.29864747533320796 0.774977939264285
163 0.6514906264615913 0.723702620888887 -0.023782956722502097 -0.22638209098949236 0.23667992143631836 0.2987998873622685 0.7749579087278832
164 0.6513758766331398 0.7237592710297587 -0.023838446991996585 -0.22652530406974575 0.23665223183184458 0.2989188042951611 0.7749422895974757
165 0.6512934268477963 0.7237999370918123 -0.023878344686211854 -0.2266282150699445 0.23663231001479365 0.2990042323549914 0.7749310738300478
166 0.6512432884576965 0.7238246508416681 -0.023902612122482278 -0.22669080088628443 0.2366201851893943 0.29905617604013907 0.7749242556433895
167 0.6512254683305307 0.723833431629755 -0.023911226271028495 -0.226713047509378 0.23661587509675247 0.29907463810040014 0.7749218315256119
168 0.6512399688506304 0.7238262863753306 -0.02390417876853686 -0.2266949500119702 0.23661938602180033 0.2990596195225573 0.7749238002409973
169 0.6512867879187892 0.7238032095616115 -0.023881475921039702 -0.226636512545019 0.23663071279559195 0.29901111952541826 0.7749301628321612
170 0.6513659189509693 0.7237641832408914 -0.023843138696371724 -0.22653774834210358 0.23664983879314905 0.2989291355645373 0.7749409226182625
171 0.6514773508752464 0.7237091770501959 -0.023789202704863864 -0.2263986797323831 0.2366767359259323 0.298813663345734 0.774956085190333
172 0.6516210681276083 0.7236381482369513 -0.02371971816951586 -0.2262193381618595 0.2367113646298779 0.29866469684829 0.7749756584026821
173 0.6517970506464882 0.7235510416947578 -0.023634749885385813 -0.22599976422294246 0.23675367384888812 0.29848222835768196 0.7749996523605529
174 0.6520052738659758 0.7234477900093164 -0.0235343771680411 -0.22574000769226144 0.23680360101375642 0.29826624850778244 0.7750280794041176
175 0.6522457087077058 0.7233283135144974 -0.023418693791032986 -0.22544012757665258 0.2368610720166304 0.2980167463325571 0.7750609540888108
176 0.652518321571429 0.7231925203585369 -0.023287807912366107 -0.22510019216719754 0.2369260011811256 0.29773370932728044 0.7750982931619689
177 0.6528230743242728 0.7230403065803431 -0.023141841989929943 -0.22472027910120038 0.23699829122823463 0.29741712351930266 0.7751401155357633
178 0.6531599242887027 0.7228715561958909 -0.022980932685859417 -0.22430047543194145 0.23707783323819467 0.2970669735484088 0.7751864422564096
179 0.6535288242291895 0.7226861412946786 -0.0228052307597921 -0.2238408777060477 0.23716450660849597 0.29668324275679736 0.7752372964696079
180 0.653929722337607 0.7224839221462118 -0.022614900950990727 -0.22334159204828724 0.23725817900824686 0.2962659132887288 0.7752927033822095
181 0.6543625622173648 0.7222647473164906 -0.02241012184930251 -0.2228027342535788 0.2373587063291131 0.29581496619988584 0.7753526902200629
182 0.6548272828663039 0.7220284537944457 -0.02219108575491928 -0.22222442988599056 0.23746593263309554 0.295330381576486 0.7754172861820108
183 0.655323818658372 0.721774867128293 -0.02195799852691507 -0.22160681438447755 0.23757969009740965 0.294812138664198 0.7754865223900086
184 0.6558520993241004 0.7215038015717535 -0.021711079420529363 -0.22095003317509002 0.23769979895676743 0.29426021600690844 0.7755604318353213
185 0.6564120499299122 0.7212150602400851 -0.021450560913168958 -0.22025424178937236 0.23782606744337567 0.2936745915953831 0.7756390493207687
186 0.6570035908562839 0.7209084352758719 -0.021176688519107464 -0.21951960598863954 0.23795829172498753 0.29305524302587155 0.7757224113989797
187 0.6576266377747934 0.7205837080245101 -0.020889720592857482 -0.2187463018938161 0.23809625584136557 0.29240214766870065 0.7758105563066175
188 0.6582811016240876 0.7202406492193202 -0.02058992812119578 -0.2179345161204938 0.23823973163953774 0.29171528284689563 0.775903523894541
189 0.6589668885847983 0.7198790191762201 -0.020277594503827056 -0.21708444591884424 0.23838847870823957 0.290994626024873 0.7760013555538647
190 0.6596839000534487 0.7194985679978778 -0.019953015322673632 -0.2161962993180224 0.23854224431196958 0.29024015500723555 0.7761040941378835
191 0.6604320326153845 0.7190990357872651 -0.019616498099782703 -0.21527029527465802 0.2387007633250886 0.2894518481477043 0.7762117838798277
192 0.66121110675702 0.7186801998138063 -0.019268762982258523 -0.2143066902125964 0.2388637417839414 0.28862965706325827 0.7763244769799315
193 0.6620210889444322 0.7182417286166457 -0.01890969898353837 -0.21330569694912652 0.2390309082846292 0.2877735926639791 0.7764422122753493
194 0.662861860176529 0.7177833343437503 -0.01853965078548826 -0.21226756843764863 0.2392019594932791 0.2868836356914198 0.7765650381337547
195 0.6637332967587349 0.7173047198823583 -0.018158974779785706 -0.21119256910038176 0.23937657986024913 0.2859597687147595 0.776693003486005
196 0.664635270117319 0.7168055792756471 -0.017768037536932502 -0.21008097504883347 0.23955444116864225 0.28500197608076194 0.7768261581549698
197 0.6655676467572744 0.7162855979973505 -0.017367215527423496 -0.20893307425198607 0.23973520247068061 0.2840102441781178 0.7769645527524396
198 0.666530288221831 0.7157444532331703 -0.01695689483722933 -0.20774916670435076 0.239918510031751 0.2829845617147311 0.777108238568078
199 0.6675231524149201 0.7151817391032291 -0.016537150588742344 -0.20652952257179427 0.24010406397023562 0.28192498712088887 0.7772572079030231
